APPBBPBAAAP.BB.PB.P...PAAB.B.B.A.PA.PB.PAABAAPBB.BAAPAA.BPP...BP.P.PAAPP.P.BPB.PP.PA.BAPPBBPP.PPAA.P.B..PA.P.AAPAP.PAPPBB.AAPBPPB.B..BBPP.BPAPP.A.AP..BAABBBAABPAPBB.AAAPABPBB.APBAPP.AAABAPPABPB.PPPP.BB.B.P..BA..P.PBBPBPPBPPBBAP..PPB.PABPPAPBBBAABPP.APBAPPBA....P.PPPBA.B.A.A.PAPPBP..B.AAA.P.A.PBB.PBPAPPAAABB..ABP.APBABABP...PPABBB.PAPPAPA.PAPPPBAP..APP.BBPBP.A.APB..BBPP...BA...AAABBABA.PPBAABA.PAPBBP.ABAPBB.PA.PA..BBB.BPA.BBPP.BAB..AP.AAAB.A.AABAA.BAA.P.APPBBBB.PA.A.AAPPAAP.A.PBAABBP.ABBB.PAPAA.BBBPAP..PP.BP..PPA.B..BPPBB..AAPBPP.AAP.PB.A...PAPPB.PAAPP.BPPA.PA.AAPPPAAPBAAA.BBPBAAA.PA.A.BAPPAAPPABPPPBBPBAB.A..BBPPPAABBBBAB.BPPAAABP.PPBPBBBBBPAPPPBPBPPA...ABBBA.BBPAA.APAA.B.ABA..B.PPAB.ABPAPPPPBBAA.P.PBBBP.APBAA.BPA.BB.PBPPBAPBABAP...BB.APBPPBPAABAB.APA.PPAPA.BABPP.PB.PAB..ABPP..AB.APPP..A..A.PABA.PBPPP.PPA..A.P..B.PABPBPBPABAA.APPPABP..BAABPBPPBBABAB.A.BBBBBPBP.BABAPA.ABBABA...BB.B.P.BPAPBPB..PBP.P.BABPA.B...APAPAAAA.APBA..AAABPBP.BAAAPPABAAAPABP.BBP.PPAAPPBAA..A.BBBB...ABBB.PB.BB..P.B.B
len 1000
[1, 2, 5, 10, 15, 18, 22, 33, 36, 39, 45, 52, 57, 58, 63, 65, 67, 70, 71, 73, 76, 79, 80, 82, 87, 88, 91, 92, 94, 95, 99, 104, 107, 111, 113, 115, 117, 118, 124, 126, 127, 135, 136, 139, 141, 142, 147, 159, 161, 168, 171, 176, 179, 180, 187, 188, 191, 194, 195, 196, 197, 204, 211, 213, 216, 218, 219, 221, 222, 226, 229, 230, 233, 236, 237, 239, 246, 247, 250, 253, 254, 261, 263, 264, 265, 275, 277, 278, 280, 289, 293, 297, 299, 301, 302, 312, 315, 321, 325, 326, 332, 334, 335, 337, 340, 342, 343, 344, 347, 351, 352, 356, 358, 363, 369, 370, 388, 389, 396, 398, 401, 406, 410, 413, 422, 427, 428, 436, 455, 458, 459, 465, 472, 473, 476, 480, 486, 493, 495, 502, 504, 507, 508, 511, 514, 515, 522, 523, 530, 532, 533, 537, 539, 546, 548, 549, 552, 555, 556, 559, 560, 563, 568, 569, 570, 573, 581, 587, 594, 595, 598, 599, 602, 603, 604, 607, 617, 618, 619, 630, 631, 636, 638, 639, 641, 647, 649, 650, 651, 653, 655, 656, 669, 674, 687, 688, 694, 696, 697, 698, 699, 705, 707, 711, 714, 720, 726, 728, 729, 732, 737, 745, 747, 748, 750, 758, 761, 762, 764, 770, 771, 773, 776, 783, 784, 791, 792, 793, 801, 806, 808, 809, 810, 812, 813, 819, 824, 827, 829, 831, 838, 839, 840, 843, 850, 852, 853, 868, 870, 876, 893, 896, 898, 900, 904, 906, 908, 913, 921, 923, 930, 939, 941, 947, 948, 954, 957, 961, 963, 964, 967, 968, 988, 995]
[0, 7, 8, 9, 23, 24, 31, 34, 40, 41, 43, 44, 50, 51, 53, 54, 68, 69, 83, 86, 96, 97, 105, 109, 110, 112, 116, 122, 123, 140, 144, 146, 151, 152, 156, 157, 160, 165, 166, 167, 169, 175, 178, 182, 183, 184, 186, 189, 208, 225, 234, 238, 243, 244, 249, 252, 256, 267, 271, 273, 276, 285, 286, 287, 291, 300, 303, 304, 305, 310, 314, 317, 319, 327, 333, 336, 338, 341, 346, 350, 360, 362, 375, 379, 380, 381, 384, 386, 391, 392, 394, 397, 403, 405, 411, 414, 423, 431, 435, 438, 439, 440, 443, 445, 446, 448, 449, 452, 453, 457, 466, 468, 470, 471, 474, 475, 478, 482, 483, 488, 494, 496, 497, 503, 516, 528, 529, 535, 536, 542, 547, 553, 554, 561, 564, 566, 567, 571, 572, 575, 576, 577, 583, 584, 585, 588, 590, 593, 596, 597, 600, 609, 612, 620, 621, 626, 632, 633, 634, 648, 657, 661, 665, 670, 671, 673, 675, 676, 680, 682, 689, 692, 695, 702, 703, 713, 716, 717, 721, 731, 734, 736, 744, 751, 752, 754, 757, 759, 763, 765, 768, 777, 781, 787, 790, 796, 799, 802, 804, 814, 817, 825, 832, 834, 835, 837, 841, 847, 848, 856, 858, 861, 873, 875, 877, 879, 882, 884, 897, 911, 914, 920, 922, 924, 925, 926, 927, 929, 932, 935, 936, 937, 944, 945, 946, 949, 951, 952, 953, 955, 965, 966, 970, 971, 974, 983]
[3, 4, 6, 12, 13, 16, 25, 27, 29, 37, 42, 46, 47, 49, 56, 62, 75, 77, 85, 89, 90, 101, 119, 120, 125, 128, 130, 133, 134, 138, 150, 153, 154, 155, 158, 162, 163, 170, 172, 173, 177, 185, 190, 192, 199, 200, 202, 207, 214, 215, 217, 220, 223, 224, 231, 235, 240, 241, 242, 245, 251, 255, 266, 269, 279, 283, 294, 295, 298, 306, 307, 311, 316, 318, 320, 328, 329, 330, 345, 354, 355, 357, 364, 367, 368, 374, 382, 383, 385, 390, 393, 399, 400, 404, 407, 408, 417, 418, 419, 421, 425, 426, 430, 432, 441, 447, 451, 460, 461, 462, 463, 481, 484, 485, 489, 490, 491, 499, 500, 501, 510, 518, 521, 524, 525, 531, 540, 550, 558, 574, 579, 580, 582, 592, 601, 605, 606, 608, 610, 615, 616, 622, 623, 624, 625, 627, 629, 635, 640, 642, 643, 644, 645, 646, 652, 654, 662, 663, 664, 667, 668, 678, 681, 685, 690, 693, 700, 701, 708, 709, 710, 715, 719, 723, 724, 727, 730, 733, 735, 741, 742, 746, 749, 753, 755, 767, 769, 774, 778, 782, 788, 803, 807, 822, 826, 828, 830, 833, 842, 846, 849, 851, 854, 855, 857, 859, 863, 864, 865, 866, 867, 869, 872, 874, 880, 881, 883, 888, 889, 891, 895, 899, 901, 905, 910, 912, 916, 931, 938, 940, 943, 950, 956, 959, 960, 969, 976, 977, 978, 979, 984, 985, 986, 989, 991, 992, 997, 999]
PAB
photo 2 7 12
photo 5 7 12
photo 5 8 12
photo 5 8 13
photo 5 9 12
photo 5 9 13
photo 18 23 25
photo 18 23 27
photo 36 40 42
photo 39 43 46
photo 39 43 47
photo 39 44 46
photo 39 44 47
photo 39 44 49
photo 52 54 56
photo 79 83 85
photo 80 83 85
photo 82 86 89
photo 82 86 90
photo 91 96 101
photo 92 96 101
photo 92 97 101
photo 94 96 101
photo 94 97 101
photo 95 97 101
photo 111 116 119
photo 111 116 120
photo 113 116 119
photo 113 116 120
photo 117 122 125
photo 118 122 125
photo 118 123 125
photo 118 123 128
photo 141 146 150
photo 142 146 150
photo 147 151 153
photo 147 151 154
photo 147 151 155
photo 161 165 170
photo 161 166 170
photo 171 175 177
photo 179 182 185
photo 179 183 185
photo 180 182 185
photo 180 183 185
photo 233 238 240
photo 233 238 241
photo 233 238 242
photo 236 238 240
photo 236 238 241
photo 236 238 242
photo 239 243 245
photo 246 249 251
photo 247 249 251
photo 247 252 255
photo 250 252 255
photo 263 267 269
photo 264 267 269
photo 265 267 269
photo 289 291 294
photo 289 291 295
photo 299 303 306
photo 299 303 307
photo 299 304 306
photo 299 304 307
photo 301 303 306
photo 301 303 307
photo 301 304 306
photo 301 304 307
photo 302 304 306
photo 302 304 307
photo 312 314 316
photo 312 314 318
photo 337 341 345
photo 347 350 354
photo 347 350 355
photo 356 360 364
photo 358 360 364
photo 358 362 364
photo 358 362 367
photo 388 391 393
photo 389 391 393
photo 389 394 399
photo 401 405 407
photo 401 405 408
photo 410 414 417
photo 410 414 418
photo 410 414 419
photo 436 438 441
photo 436 439 441
photo 455 457 460
photo 455 457 461
photo 455 457 462
photo 473 478 481
photo 476 478 481
photo 480 482 484
photo 480 482 485
photo 493 496 499
photo 493 496 500
photo 493 496 501
photo 493 497 499
photo 493 497 500
photo 493 497 501
photo 495 497 499
photo 495 497 500
photo 495 497 501
photo 511 516 518
photo 511 516 521
photo 514 516 518
photo 514 516 521
photo 523 528 531
photo 530 535 540
photo 532 535 540
photo 532 536 540
photo 533 535 540
photo 533 536 540
photo 548 553 558
photo 549 553 558
photo 549 554 558
photo 552 554 558
photo 568 571 574
photo 568 572 574
photo 569 571 574
photo 569 572 574
photo 570 572 574
photo 570 575 579
photo 570 575 580
photo 573 575 579
photo 573 575 580
photo 573 576 579
photo 573 576 580
photo 573 577 579
photo 573 577 580
photo 573 577 582
photo 587 590 592
photo 594 596 601
photo 594 597 601
photo 595 597 601
photo 607 612 615
photo 607 612 616
photo 617 620 622
photo 617 620 623
photo 617 620 624
photo 617 620 625
photo 618 620 622
photo 618 620 623
photo 618 620 624
photo 618 620 625
photo 630 632 635
photo 630 633 635
photo 631 633 635
photo 653 657 662
photo 655 657 662
photo 669 673 678
photo 674 676 678
photo 674 676 681
photo 698 703 708
photo 699 703 708
photo 711 713 715
photo 711 716 719
photo 714 716 719
photo 714 717 719
photo 726 731 733
photo 726 731 735
photo 728 731 733
photo 728 731 735
photo 729 731 733
photo 729 731 735
photo 732 736 741
photo 747 751 753
photo 747 751 755
photo 748 751 753
photo 748 751 755
photo 758 763 767
photo 761 763 767
photo 761 765 767
photo 761 765 769
photo 762 765 767
photo 762 765 769
photo 801 804 807
photo 812 817 822
photo 813 817 822
photo 843 847 849
photo 843 847 851
photo 870 875 880
photo 893 897 899
photo 893 897 901
photo 921 926 931
photo 923 926 931
photo 923 927 931
photo 930 935 938
photo 930 935 940
photo 941 945 950
photo 941 946 950
photo 947 951 956
photo 947 952 956
photo 948 951 956
photo 948 952 956
photo 948 953 956
photo 961 965 969
photo 961 966 969
photo 963 965 969
photo 963 966 969
photo 964 966 969
photo 967 971 976
photo 968 971 976
BAP
photo 3 7 10
photo 3 8 10
photo 4 7 10
photo 4 8 10
photo 27 31 33
photo 27 31 36
photo 29 31 33
photo 29 31 36
photo 29 34 36
photo 29 34 39
photo 37 40 45
photo 37 41 45
photo 46 50 52
photo 47 50 52
photo 101 105 107
photo 119 122 124
photo 119 122 126
photo 119 122 127
photo 120 122 124
photo 120 122 126
photo 120 122 127
photo 153 156 159
photo 153 156 161
photo 153 157 159
photo 153 157 161
photo 154 156 159
photo 154 156 161
photo 154 157 159
photo 154 157 161
photo 162 165 168
photo 162 166 168
photo 162 166 171
photo 163 165 168
photo 163 166 168
photo 163 166 171
photo 231 234 236
photo 231 234 237
photo 231 234 239
photo 240 243 246
photo 240 243 247
photo 240 244 246
photo 240 244 247
photo 241 243 246
photo 241 243 247
photo 241 244 246
photo 241 244 247
photo 269 271 275
photo 269 273 275
photo 269 273 277
photo 269 273 278
photo 283 285 289
photo 283 286 289
photo 283 287 289
photo 306 310 312
photo 306 310 315
photo 307 310 312
photo 307 310 315
photo 355 360 363
photo 357 360 363
photo 382 384 388
photo 382 384 389
photo 382 386 388
photo 382 386 389
photo 399 403 406
photo 400 403 406
photo 407 411 413
photo 408 411 413
photo 418 423 427
photo 418 423 428
photo 419 423 427
photo 419 423 428
photo 421 423 427
photo 421 423 428
photo 426 431 436
photo 463 468 472
photo 463 468 473
photo 484 488 493
photo 485 488 493
photo 524 528 530
photo 524 528 532
photo 524 528 533
photo 525 528 530
photo 525 528 532
photo 525 528 533
photo 531 535 537
photo 531 535 539
photo 540 542 546
photo 550 553 555
photo 550 553 556
photo 558 561 563
photo 579 583 587
photo 579 584 587
photo 580 583 587
photo 580 584 587
photo 580 585 587
photo 610 612 617
photo 622 626 630
photo 622 626 631
photo 623 626 630
photo 623 626 631
photo 624 626 630
photo 624 626 631
photo 627 632 636
photo 629 632 636
photo 629 633 636
photo 629 633 638
photo 629 634 636
photo 629 634 638
photo 629 634 639
photo 662 665 669
photo 663 665 669
photo 667 670 674
photo 667 671 674
photo 668 670 674
photo 668 671 674
photo 678 682 687
photo 685 689 694
photo 690 692 694
photo 690 692 696
photo 690 692 697
photo 700 702 705
photo 700 702 707
photo 700 703 705
photo 700 703 707
photo 719 721 726
photo 749 754 758
photo 755 759 761
photo 755 759 762
photo 755 759 764
photo 778 781 783
photo 778 781 784
photo 782 787 791
photo 782 787 792
photo 822 825 827
photo 822 825 829
photo 830 834 838
photo 830 834 839
photo 830 835 838
photo 830 835 839
photo 830 835 840
photo 842 847 850
photo 842 847 852
photo 869 873 876
photo 940 944 947
photo 940 944 948
photo 940 945 947
photo 940 945 948
photo 960 965 967
photo 960 965 968
photo 978 983 988
photo 979 983 988
result 357
runtime (secs): 0.008717295015230775
